[Info   :   LipSync] buffer = [
  -68.72873,
  -35.2216,
  2.210441,
  32.18876,
  46.83174,
  44.58232,
  30.21832,
  12.2039,
  -1.261059,
  -5.630719,
  -1.37591,
  7.086471,
  14.12896,
  15.83333,
  11.67664,
  4.313478,
  -2.20822,
  -4.716166,
  -2.4577,
  2.792422,
  7.956098,
  10.4203,
  9.355774,
  5.929422,
  2.410413,
  0.7683848,
  1.585437,
  3.860034,
  5.738758,
  5.690094,
  3.419301,
  0.01437463,
  -2.721645,
  -3.332627,
  -1.542617,
  1.605157,
  4.357397,
  5.238555,
  3.850796,
  1.048414,
  -1.583503,
  -2.62626,
  -1.587307,
  0.8889948,
  3.445196,
  4.797932,
  4.430479,
  2.812289,
  1.054235,
  0.2307195,
  0.7734308,
  2.275912,
  3.793121,
  4.431045,
  3.866023,
  2.494495,
  1.14619,
  0.5542939,
  0.9117313,
  1.778129,
  2.382578,
  2.127198,
  0.9790632,
  -0.489865,
  -1.43937,
  -1.270348,
  0.001969862,
  1.739225,
  3.046309,
  3.298258,
  2.513863,
  1.348564,
  0.7018124,
  1.163109,
  2.622035,
  4.279932,
  5.072993,
  4.278193,
  1.961673,
  -0.9903645,
  -3.289602,
  -3.894625,
  -2.543586,
  0.1148352,
  2.859005,
  4.514442,
  4.523264,
  3.166949,
  1.343281,
  0.04201182,
  -0.181225,
  0.550802,
  1.58658,
  2.176704,
  1.922757,
  0.9866799,
  -0.04528157,
  -0.5446471,
  -0.2304902,
  0.6663193,
  1.556111,
  1.860925,
  1.374763,
  0.3949703,
  -0.455077,
  -0.6067184,
  0.09712841,
  1.283838,
  2.247327,
  2.349899,
  1.398968,
  -0.220566,
  -1.739003,
  -2.414607,
  -1.935416,
  -0.5847872,
  0.9208441,
  1.828425,
  1.7548,
  0.8765334,
  -0.1980261,
  -0.7945935,
  -0.5638925,
  0.3251151,
  1.295927,
  1.710207,
  1.246438,
  0.09364244,
  -1.149313,
  -1.808928,
  -1.514073,
  -0.4007555,
  0.9688234,
  1.922934,
  2.05036,
  1.414821,
  0.4969077,
  -0.09656424,
  0.01480095,
  0.7723109,
  1.72324,
  2.292131,
  2.118544,
  1.266813,
  0.190121,
  -0.5266534,
  -0.4955202,
  0.2618889,
  1.334987,
  2.160946,
  2.338343,
  1.838974,
  1.002092,
  0.3224944,
  0.1608796,
  0.5450464,
  1.172824,
  1.607669,
  1.5464,
  0.9996086,
  0.2800098,
  -0.1912525,
  -0.1432633,
  0.3753775,
  1.017588,
  1.338119,
  1.057025,
  0.2328613,
  -0.7561618,
  -1.414648,
  -1.402407,
  -0.723237,
  0.275854,
  1.093702,
  1.345669,
  0.9651429,
  0.2262825,
  -0.4200549,
  -0.6015142,
  -0.2271508,
  0.4718721,
  1.080224,
  1.232026,
  0.8078088,
  -0.01127603,
  -0.8539394,
  -1.363653,
  -1.379486,
  -0.9953789,
  -0.4750602,
  -0.08299783,
  0.06461997,
  0.04389596,
  0.04469049,
  0.2260448,
  0.598906,
  1.008965,
  1.228677,
  1.10032,
  0.6413673,
  0.04716584,
  -0.4116313,
  -0.5362612,
  -0.3049762,
  0.1245383,
  0.5143505,
  0.685945,
  0.6167687,
  0.4378689,
  0.3377497,
  0.4341735,
  0.6942133,
  0.9522685,
  1.015054,
  0.7884591,
  0.3467799,
  -0.1009428,
  -0.330253,
  -0.2359182,
  0.09997728,
  0.4504516,
  0.5751636,
  0.3654485,
  -0.083191,
  -0.5167699,
  -0.6639793,
  -0.3935307,
  0.2029191,
  0.851859,
  1.242126,
  1.192268,
  0.7473214,
  0.1510656,
  -0.2896553,
  -0.3713064,
  -0.09722926,
  0.3377223,
  0.6689346,
  0.7172377,
  0.4873712,
  0.1545748,
  -0.04935659,
  0.01924136,
  0.3271025,
  0.683356,
  0.8545299,
  0.706039,
  0.2856118,
  -0.2012469,
  -0.509392,
  -0.4959532,
  -0.2020026,
  0.1744877,
  0.3984673,
  0.3394745,
  0.0508115,
  -0.2613918,
  -0.3620465,
  -0.1312425,
  0.3567032,
  0.8674392,
  1.135984,
  1.017263,
  0.5704772,
  0.02768113,
  -0.3361289,
  -0.3568163,
  -0.07022717,
  0.3146344,
  0.5421956,
  0.4624257,
  0.1193384,
  -0.2761773,
  -0.4735036,
  -0.3348289,
  0.07713836,
  0.5293472,
  0.751074,
  0.5932328,
  0.1216107,
  -0.4119119,
  -0.7063957,
  -0.5807365,
  -0.07858992,
  0.5512185,
  0.9891306,
  1.019554,
  0.648256,
  0.0971577,
  -0.3196543,
  -0.3685429,
  -0.0210774,
  0.537298,
  1.01655,
  1.185111,
  0.993862,
  0.592855,
  0.2351657,
  0.1266348,
  0.309423,
  0.6453799,
  0.9057801,
  0.9121093,
  0.6440259,
  0.2513042,
  -0.03614475,
  -0.04628178,
  0.2306498,
  0.6327429,
  0.9175184,
  0.9004151,
  0.5603489,
  0.05170595,
  -0.38318,
  -0.5494373,
  -0.4044891,
  -0.07282392,
  0.2353129,
  0.3512736,
  0.2453277,
  0.03671012,
  -0.08807981,
  0.001559877,
  0.290909,
  0.6196026,
  0.7727657,
  0.611051,
  0.1625424,
  -0.3798718,
  -0.7577597,
  -0.7887051,
  -0.4699694,
  0.01589271,
  0.3986894,
  0.4681934,
  0.1897285,
  -0.2767849,
  -0.6649554,
  -0.748147,
  -0.4629198,
  0.05769294,
  0.5576926,
  0.7960357,
  0.6724751,
  0.2739028,
  -0.1802177,
  -0.458812,
  -0.4375862,
  -0.1514868,
  0.2417534,
  0.5590645,
  0.6907387,
  0.6449473,
  0.5185681,
  0.4197155,
  0.3942594,
  0.4024613,
  0.3576324,
  0.1986166,
  -0.0535301,
  -0.2938975,
  -0.3910059,
  -0.2687452,
  0.03856209,
  0.3947149,
  0.6322726,
  0.6453535,
  0.4493725,
  0.1708378,
  -0.02865899,
  -0.05007987,
  0.08224817,
  0.2345731,
  0.246275,
  0.03318746,
  -0.3505061,
  -0.7315201,
  -0.9105736,
  -0.7776215,
  -0.3821319,
  0.08516126,
  0.3925456,
  0.3953198,
  0.1190745,
  -0.2509182,
  -0.4712653,
  -0.3782822,
  0.01469941,
  0.5161737,
  0.8547624,
  0.8247405,
  0.4000483,
  -0.2455689,
  -0.8236037,
  -1.075515,
  -0.9001213,
  -0.3974333,
  0.1909856,
  0.6093165,
  0.7124809,
  0.5239586,
  0.2015525,
  -0.06254757,
  -0.1475075,
  -0.0573296,
  0.1020519,
  0.2009412,
  0.1685682,
  0.03110503,
  -0.1136916,
  -0.1645271,
  -0.08200699,
  0.08956257,
  0.2556837,
  0.3365322,
  0.3198462,
  0.2667242,
  0.2659803,
  0.3665665,
  0.5328609,
  0.6549674,
  0.6121368,
  0.3530523,
  -0.05661313,
  -0.4524988,
  -0.6508497,
  -0.547078,
  -0.1778637,
  0.2905906,
  0.6447946,
  0.7331536,
  0.5425289,
  0.2000566,
  -0.1001208,
  -0.2037955,
  -0.07741044,
  0.1813834,
  0.4067902,
  0.4631278,
  0.3208604,
  0.067507,
  -0.1503397,
  -0.2172367,
  -0.1165366,
  0.06453728,
  0.194065,
  0.1813937,
  0.0362574,
  -0.1362249,
  -0.2027023,
  -0.09022196,
  0.15886,
  0.4021414,
  0.4772634,
  0.3016446,
  -0.06783757,
  -0.4538323,
  -0.6502509,
  -0.5375352,
  -0.156352,
  0.3044697,
  0.6026324,
  0.5700484,
  0.2040234,
  -0.3284562,
  -0.7764083,
  -0.9343411,
  -0.7456781,
  -0.3254391,
  0.1076607,
  0.3499056,
  0.3162645,
  0.07403523,
  -0.2074117,
  -0.3578061,
  -0.2986571,
  -0.07651819,
  0.1771805,
  0.3308011,
  0.3287586,
  0.2148361,
  0.09241808,
  0.05037978,
  0.1034962,
  0.1854475,
  0.198363,
  0.08636829,
  -0.1154718,
  -0.2909468,
  -0.3090466,
  -0.108273,
  0.2531892,
  0.6156315,
  0.798662,
  0.7008351,
  0.3608118,
  -0.05736909,
  -0.3494551,
  -0.3803577,
  -0.1565873,
  0.1795065,
  0.4306686,
  0.4553159,
  0.2453142,
  -0.07240627,
  -0.3100236,
  -0.3253562,
  -0.099648,
  0.2564569,
  0.5694198,
  0.7005215,
  0.6168113,
  0.395442,
  0.162903,
  0.01029008,
  -0.06056412,
  -0.125835,
  -0.271411,
  -0.5134367,
  -0.7631018,
  -0.8651833,
  -0.6932611,
  -0.2454411,
  0.3221374,
  0.7545281,
  0.8263124,
  0.4709905,
  -0.1643031,
  -0.7777482,
  -1.062193,
  -0.868494,
  -0.2932207,
  0.3618203,
  0.7426918,
  0.6306906,
  0.06394777,
  -0.6741996,
  -1.197179,
  -1.2143,
  -0.6822204,
  0.171195,
  0.9627568,
  1.347361,
  1.186726,
  0.6065007,
  -0.0835603,
  -0.5581335,
  -0.6402984,
  -0.3746971,
  0.02279081,
  0.3025499,
  0.3239715,
  0.1235862,
  -0.1245291,
  -0.2261572,
  -0.08912557,
  0.2219076,
  0.5277228,
  0.6452898,
  0.4989129,
  0.1652095,
  -0.1736521,
  -0.3391046,
  -0.2616522,
  -0.01978701,
  0.21017,
  0.2624762,
  0.08350395,
  -0.2342085,
  -0.5055125,
  -0.5616786,
  -0.3501916,
  0.03361678,
  0.4011519,
  0.5783096,
  0.5021146,
  0.2495098,
  -0.01731312,
  -0.1542072,
  -0.1231547,
  -0.01090981,
  0.03324854,
  -0.09794944,
  -0.3887621,
  -0.6957787,
  -0.8268639,
  -0.6591029,
  -0.2248806,
  0.2890012,
  0.6346062,
  0.6386968,
  0.3036976,
  -0.1867833,
  -0.5649853,
  -0.6264806,
  -0.3451391,
  0.1109776,
  0.4740172,
  0.5290444,
  0.2387001,
  -0.2321606,
  -0.6076805,
  -0.6577596,
  -0.3318735,
  0.2068155,
  0.6679624,
  0.7938645,
  0.5032356,
  -0.06195757,
  -0.6132129,
  -0.873061,
  -0.72539,
  -0.275103,
  0.2149134,
  0.4724587,
  0.365917,
  -0.02809345,
  -0.4748918,
  -0.7182314,
  -0.6238046,
  -0.2488022,
  0.19897,
  0.4849348,
  0.4804739,
  0.2280939,
  -0.09567975,
  -0.2934353,
  -0.26607,
  -0.06660303,
  0.1417509,
  0.1951523,
  0.03746644,
  -0.2403007,
  -0.4547333,
  -0.4462253,
  -0.1853839,
  0.1974207,
  0.4811537,
  0.4840187,
  0.1778157,
  -0.2831486,
  -0.6404002,
  -0.6756387,
  -0.3395966,
  0.2098324,
  0.6853977,
  0.8233216,
  0.5268697,
  -0.07960647,
  -0.7165951,
  -1.098421,
  -1.082211,
  -0.7348449,
  -0.2834582,
  0.01868478,
  0.03238007,
  -0.2006143,
  -0.4982712,
  -0.6574761,
  -0.5778345,
  -0.3161809,
  -0.04185501,
  0.07631458,
  -0.0207801,
  -0.2459355,
  -0.4247849,
  -0.4136137,
  -0.2009632,
  0.07369766,
  0.2007398,
  0.03475534,
  -0.3997976,
  -0.9009255,
  -1.192378,
  -1.083046,
  -0.5898654,
  0.05268369,
  0.5104058,
  0.5337314,
  0.105143,
  -0.5380017,
  -1.025009,
  -1.055237,
  -0.5711718,
  0.1981685,
  0.8527133,
  1.036126,
  0.632718,
  -0.1632286,
  -0.9462876,
  -1.314251,
  -1.080891,
  -0.3704729,
  0.4566388,
  1.003879,
  1.05107,
  0.6614872,
  0.1266772,
  -0.2148663,
  -0.1778425,
  0.1671513,
  0.5463107,
  0.6573786,
  0.3616168,
  -0.2219838,
  -0.7778536,
  -0.9765021,
  -0.6722999,
  0.0007777922,
  0.6948667,
  1.041222,
  0.8610921,
  0.2721366,
  -0.3739029,
  -0.6903347,
  -0.4797612,
  0.1449502,
  0.8146839,
  1.106402,
  0.7822064,
  -0.06879912,
  -1.066679,
  -1.736956,
  -1.759816,
  -1.13595,
  -0.1797875,
  0.6530532,
  1.006148,
  0.7979657,
  0.2400852,
  -0.3042024,
  -0.5340576,
  -0.3742835,
  0.00179247,
  0.2948031,
  0.2681944,
  -0.1107534,
  -0.6591404,
  -1.097476,
  -1.222485,
  -1.026122,
  -0.6882673,
  -0.4497232,
  -0.4469268,
  -0.6148198,
  -0.7234946,
  -0.5314354,
  0.03689398,
  0.8024526,
  1.397482,
  1.460568,
  0.8548365,
  -0.2190989,
  -1.291188,
  -1.847049,
  -1.595001,
  -0.6300347,
  0.5993744,
  1.510604,
  1.679672,
  1.053227,
  -0.03202861,
  -1.030892,
  -1.47311,
  -1.197234,
  -0.4141326,
  0.4254389,
  0.8789522,
  0.7374147,
  0.1100268,
  -0.6658349,
  -1.225171,
  -1.366204,
  -1.126719,
  -0.7158574,
  -0.3583885,
  -0.1561964,
  -0.05298559,
  0.08311891,
  0.3228943,
  0.5851913,
  0.6627599,
  0.3585908,
  -0.3503702,
  -1.233069,
  -1.876568,
  -1.88973,
  -1.132125,
  0.1658,
  1.474792,
  2.210542,
  2.028626,
  1.012673,
  -0.3522683,
  -1.416426,
  -1.692669,
  -1.102805,
  -0.01171341,
  0.9689068,
  1.301926,
  0.7996269,
  -0.2922909,
  -1.440394,
  -2.11312,
  -2.053648,
  -1.39063,
  -0.5361127,
  0.06065926,
  0.158479,
  -0.1683914,
  -0.6119818,
  -0.8416291,
  -0.7118735,
  -0.3424841,
  -0.02685645,
  -0.03020567,
  -0.4054781,
  -0.9434633,
  -1.291359,
  -1.170481,
  -0.5609253,
  0.2626996,
  0.8737152,
  0.9364415,
  0.4092003,
  -0.4149255,
  -1.060213,
  -1.132037,
  -0.5435072,
  0.4261077,
  1.278501,
  1.569262,
  1.153932,
  0.2681254,
  -0.6041299,
  -0.9997348,
  -0.7315224,
  0.01444824,
  0.7922437,
  1.15287,
  0.8964893,
  0.1765655,
  -0.600498,
  -1.018227,
  -0.8920202,
  -0.3694497,
  0.1671834,
  0.3355971,
  -0.01520388,
  -0.7147555,
  -1.375301,
  -1.627565,
  -1.346431,
  -0.7299051,
  -0.1815038,
  -0.06395335,
  -0.4711872,
  -1.158309,
  -1.678046,
  -1.649673,
  -1.003877,
  -0.0549017,
  0.6529401,
  0.6469576,
  -0.1913528,
  -1.526543,
  -2.718288,
  -3.14712,
  -2.543736,
  -1.142498,
  0.4270097,
  1.455114,
  1.507231,
  0.6324654,
  -0.6795502,
  -1.762349,
  -2.110198,
  -1.611008,
  -0.561942,
  0.5217676,
  1.184913,
  1.241536,
  0.8128495,
  0.1975318,
  -0.3273339,
  -0.6479419,
  -0.8211268,
  -0.9634587,
  -1.114365,
  -1.17758,
  -0.9871891,
  -0.454838,
  0.3073937,
  0.9867907,
  1.215676,
  0.7888083,
  -0.1792486,
  -1.266154,
  -1.938581,
  -1.83656,
  -0.9859049,
  0.1912897,
  1.088523,
  1.240601,
  0.582329,
  -0.5105896,
  -1.429491,
  -1.677415,
  -1.155169,
  -0.2210343,
  0.5168413,
  0.5614395,
  -0.1663875,
  -1.258452,
  -2.037354,
  -1.945856,
  -0.8865422,
  0.688866,
  2.003178,
  2.374249,
  1.598531,
  0.07745072,
  -1.392951,
  -2.058524,
  -1.627416,
  -0.43597,
  0.7382557,
  1.115983,
  0.362865,
  -1.209388,
  -2.803903,
  -3.573989,
  -3.089386,
  -1.571401,
  0.2346273,
  1.475417,
  1.656732,
  0.8962681,
  -0.1780008,
  -0.8193342,
  -0.6119048,
  0.2853968,
  1.243418,
  1.55289,
  0.8686256,
  -0.5576134,
  -1.998653,
  -2.662803,
  -2.156915,
  -0.7294692,
  0.85353,
  1.733996,
  1.445479,
  0.1754376,
  -1.346702,
  -2.270707,
  -2.109819,
  -1.005022,
  0.3835987,
  1.289143,
  1.302422,
  0.6047353,
  -0.1755392,
  -0.3964537,
  0.1436264,
  1.024415,
  1.429162,
  0.6623641,
  -1.347522,
  -3.882058,
  -5.742428,
  -5.892748,
  -4.080318,
  -1.060633,
  1.738952,
  2.964054,
  2.084,
  -0.2835084,
  -2.684533,
  -3.632097,
  -2.463424,
  0.2390914,
  2.925894,
  3.929562,
  2.422783,
  -1.060866,
  -4.86139,
  -7.079131,
  -6.631318,
  -3.879099,
  -0.4500574,
  1.668579,
  1.265956,
  -1.379445,
  -4.641201,
  -6.489794,
  -5.715312,
  -2.712801,
  0.6637068,
  2.147789,
  0.4385198,
  -3.896671,
  -8.577959,
  -10.82797,
  -9.016284,
  -3.792931,
  2.017109,
  4.83021,
  2.344079,
  -4.921174,
  -13.53876,
  -18.78047,
  -17.21462,
  -8.963867,
  1.676365,
  7.815377,
  3.185525,
  -14.47318,
  -41.56676,
  -69.4181,
  -87.51973,
  -87.91371,
  0,
  0,
]